0	0	0	0	0	0	0	0	0	0	0	0	0	0	0	0	0	0	0	0	0	0	0	0	0	0	0	0	0	0	0	0	0	0	0	0	0	0	0	0	0	0	0	0	0	0	0	0	0	0	0	0	0	0	0	0	0	0	0	0	0	0	0	0	0	0	0	0	0	0	0	0	0	0	0	0	0	0	0	0	0	0	0	0	0	0	0	0	0	0
0	0	0	0	0	0	0	0	0	0	0	0	0	0	0	0	0	0	0	0	0	0	0	0	0	0	0	0	0	0	0	0	0	0	0	0	0	0	0	0	0	0	0	0	0	0	0	0	0	0	0	0	0	0	0	0	0	0	0	0	0	0	0	0	0	0	0	0	0	0	0	0	0	0	0	0	0	0	0	0	0	0	0	0	0	0	0	0	0	0
0	0	0	0	0	0	0	0	0	0	0	0	0	0	0	0	0	0	0	0	0	0	0	0	0	0	0	0	0	0	0	0	0	0	0	0	0	0	0	0	0	0	0.303660738598299	0	0	0	0.269152056795548	0	0.335031824878840	0	0	0	0	0	0	0	0	0	0	0	0	0	0	0	0	0	0	0	0	0	0	0	0	0	0	0	0	0	0	0	0	0	0	0	0	0	0	0	0	0
0	0	0	0	0	0	0	0	0	0	0	0	0	0	0	0	0	0	0	0	0	0	0	0	0	0	0	0	0	0	0	0	0	0	0	0	0	0	0	0	0	0	0.333382214117988	0	0	0	0	0	0	0	0.987865240630330	0	0	0	0.293946414822117	0	0	0	0	0	0	0	0	0	0	0	0	0	0	0	0	0	0	0	0	0	0	0	0	0	0	0	0	0	0	0	0	0	0	0
0	0	0	0	0	0	0.284029132581229	0	0	0	0	0	0	0	0	0	0	0	0	0	0	0	0	0	0	0	0.212129048705443	0	0	0	0.305669275057673	0	0	0	0	0	0.187357225580083	0	0	0	0	0	0.357775822149045	0	0	0	0.462697196805721	0	0	0	0	0	0.796338765578980	0	0.490180839109848	0	0	0	0	0	0	0	0	0	0	0	0	0	0	0	0	0	0	0	0	0	0	0	0	0	0	0	0	0	0	0	0	0	0	0
0	0	0	0	0	0	0.457485223399652	0	0	0	0	0	0	0	0	0	0	0	0	0	0	0	0	0	0	0	0.259359253788371	0	0	0	0	0	0	0.336437571599936	0	0	0.231773297956456	0	0	0	0	0	0.369989623131477	0	0	0	0	0	0	0	0	0	0.576967842990782	0	0.473012339465761	0	0	0	0	0	0	0	0	0	0	0	0	0	0	0	0	0	0	0	0	0	0	0	0	0	0	0	0	0	0	0	0	0	0	0
0	0	0	0	0	0	0.787747407037420	0	0	0	0	0	0	0	0	0	0	0	0	0	0	0	0	0	0	0	0.606613528193997	0	0	0	0	0	0	0.455942150875393	0	0	0.235792197297961	0	0	0	0	0	0.367391725289249	0	0	0	0	0	0	0	0	0.237286489363829	0	0	0.268620970098198	0	0	0	0	0	0	0.199256344845120	0	0	0	0	0	0	0	0	0	0	0	0	0	0	0	0	0	0	0	0	0	0	0	0	0	0	0	0
0	0	0	0	0	0	0.245083000896531	0.334432446537289	0	0	0	0	0	0	0	0	0	0	0	0	0	0	0	0	0	0	0.570142861333458	0	0	0	0.747024080921021	0	0	0.608244119899063	0	0	0.196360922399664	0	0	0	0	0	0.348740619866181	0	0	0.601561793248129	0.378854189914693	0	0	0	0	0.294967106315134	0	0	0.361362220064332	0	0	0	0	0	0	0	0	0	0.239922424330261	0	0	0	0	0	0	0	0	0	0	0	0	0	0	0	0	0	0	0	0	0	0	0	0	0
0	0	0	0	0	0	0	0.834710690443413	0	0	0	0	0	0	0	0	0	0	0	0.296835164579101	0	0	0	0	0	0	0.230872973278483	0	0	0	0	0	0	0.425566482930204	0	0	0	0	0	0	0	0	0.316443971457481	0	0	0.631060467758485	0	0	0	0	0	0.911379755842438	0	0	0.467713392972391	0	0	0	0	0	0	0	0	0	0	0	0	0	0	0	0	0	0	0	0	0	0	0	0	0	0	0	0	0	0	0	0	0	0	0
0.234727358286173	0	0	0	0	0	0	0.321811150435855	0	0	0	0	0	0	0	0	0	0	0	0.418814980816023	0	0	0	0	0	0	0.210629415058917	0	0	0	0.458645977373762	0	0.298994222829156	0.254673016693447	0	0	0	0	0	0	0	0	0.273207568914252	0	0	0.459695665320015	0	0	0	0	0	0	0	0	0	0	0	0	0	0	0.181702503565223	0.223992033516498	0	0	0	0	0	0	0	0	0	0	0	0	0	0	0	0	0	0	0	0	0	0	0	0	0	0	0	0
0.857321050040818	0	0	0	0	0	0	0.217824592457936	0	0	0	0	0	0	0	0	0	0	0	0.594683676427308	0	0	0	0	0	0	0	0.220924500247679	0	0	0	0	0.483836984984290	0.186243077479549	0	0	0	0	0	0	0	0	0.222959541354111	0	0	0	0.242691751829043	0	0	0	0	0	0	0	0	0	0	0	0	0	0	0.492108392869771	0	0	0	0	0	0	0	0	0	0	0	0	0	0	0	0	0	0	0	0	0	0	0	0	0	0	0	0
0.408377635414812	0	0	0	0	0.239456200581832	0	0	0	0	0	0	0	0	0	0	0	0	0	0.439241130498558	0	0	0	0	0	0	0	0.265089480008551	0	0	0	0	0.602821472749487	0	0	0	0	0	0	0	0	0	0	0	0	0	0	0	0.873134818002254	0	0	0	0	0	0	0	0	0	0	0	0	0	0.826121518435801	0	0	0	0	0	0	0	0	0	0	0	0	0	0	0	0	0	0	0	0	0	0	0	0	0	0	0
0	0	0	0	0	0.767799972973954	0	0	0	0	0	0	0	0	0	0	0	0	0	0.318807715008269	0	0	0.240071172650787	0	0	0	0	0.278083232057043	0	0	0	0	0.405821590915244	0	0	0	0	0	0	0	0	0	0	0	0	0	0	0	0	0	0	0	0	0	0	0	0	0	0	0	0	0.418501782933353	0.535754427380262	0	0	0	0	0	0	0	0	0	0	0	0	0	0	0	0	0	0	0	0	0	0	0	0	0	0	0
0	0	0	0.210014216427449	0	0.516938548704342	0	0	0	0	0	0	0	0	0	0	0	0	0	0	0	0	0.429982636176804	0	0	0	0	0.267029157617404	0	0	0	0	0.280011676316377	0	0	0	0	0	0	0	0	0	0	0	0	0	0.280516839911682	0	0	0	0	0	0	0	0	0	0	0.509332351458643	0	0	0.938438148321175	0	0	0.774203486392274	0	0.252740222207544	0.469217525662088	0	0	0	0	0	0	0	0	0	0	0	0	0	0	0	0	0	0	0	0	0	0	0
0	0	0	0.680654636923050	0	0.252674364990933	0	0	0	0	0	0	0	0	0	0	0	0	0	0	0	0.199499036354380	0.609702131402338	0	0	0	0	0.249779948261942	0	0	0	0	0	0	0	0	0	0	0.251760791061991	0	0	0	0	0	0	0	0.236798244861349	0	0	0	0	0	0	0	0	0	0	0.189499217423203	0.532042861597847	0.997951721099450	0.196443624796048	0.455034636676085	0	0	0	0.416723485273930	0	0	0	0	0	0.264589560898243	0	0	0	0	0	0	0	0	0	0	0	0	0	0	0	0	0	0
0	0	0	0.641726249324350	0	0	0	0	0.226054411513933	0	0	0	0	0	0	0	0	0	0	0	0.568482432164300	0.255453801464304	0.448034293374660	0	0	0	0	0.290161092067852	0	0	0	0	0	0	0	0	0	0	0.398131846866696	0	0	0	0	0	0	0	0	0	0.250272497691440	0	0	0	0	0	0	0	0	0.795498897543214	0.820558929413566	0	0	0	0	0	0	0.472715431162328	0	0	0	0	0	0.457904479273995	0	0	0	0	0	0	0	0	0	0	0	0	0	0	0	0	0	0
0	0	0	0.266143320205510	0	0	0	0	0.606081087819260	0	0	0	0	0	0	0	0	0	0	0	0.680185274295107	0	0.344589074198278	0	0	0.195617445593097	0	0.276941375002592	0	0	0	0	0	0	0	0	0	0	0.424129368623921	0	0	0	0	0	0	0	0	0.999996327807700	0	0	0	0	0	0	0	0	0.999917195173132	0	0	0	0	0.332720569079346	0	0	0.921713201770850	0.269106684351273	0	0	0	0	0	0.386875749627958	0	0	0.201883896047272	0	0	0	0	0	0	0	0	0	0	0	0	0	0	0
0	0	0.295963333955953	0	0	0	0	0	0.735921037336827	0	0	0	0	0	0	0	0	0	0	0	0.301972265508675	0	0.181174314942851	0	0	0.470067218017530	0	0.292511863410667	0	0	0	0	0	0	0	0	0	0	0.424731936312676	0	0	0	0	0	0	0	0.243009224588653	0	0	0	0	0	0	0	0	0	0	0	0.182914439722622	0	0	0	0	0	0	0.631581452199729	0	0	0.212615949824723	0	0	0	0	0	0	0	0	0	0	0	0	0	0	0	0	0	0	0	0	0
0	0	0.691582549549398	0	0	0	0	0	0	0	0	0	0	0	0	0	0	0	0	0	0.272682492920286	0.368086191665864	0	0	0	0.572995707054827	0	0.262064944185641	0	0	0	0	0	0	0	0	0	0	0.461475334810593	0	0	0	0	0	0	0	0	0	0	0	0	0	0	0	0	0	0	0.217646126280927	0	0	0	0	0	0	0.295657825145746	0	0	0	0	0.844869547992486	0	0	0	0	0	0	0	0	0	0	0	0	0	0	0	0	0	0	0	0
0	0	0.371402818340312	0	0.980804064440431	0	0	0	0	0	0	0	0	0	0	0	0	0	0	0	0	0.364196924576552	0	0.697023720805718	0.239065828550621	0.502412956215639	0	0.229492779709498	0	0	0	0	0	0	0	0	0	0	0.306751277089577	0	0	0.259029597851595	0	0	0	0	0	0	0	0	0	0	0	0	0	0	0	0	0	0	0	0	0	0	0	0.188780174382978	0	0	0.355990385464116	0.528187575129948	0	0	0	0	0.193177513252386	0	0	0	0	0	0	0	0	0	0	0	0	0	0	0
0	0.561030416782090	0.439052416159568	0	0	0	0	0	0	0	0	0	0	0	0	0	0	0	0	0	0	0.598987041462303	0	0.440514277691066	0.383673536273812	0.339843654586700	0	0.309316310019393	0	0	0	0	0	0	0	0	0	0	0.219402204356195	0	0	0.465216800501474	0	0	0	0	0	0	0	0	0	0	0	0	0	0	0	0	0	0	0	0	0	0	0	0	0	0.493110040477757	0	0	0	0.739139197706831	0	0	0.224632521730162	0	0	0	0	0	0	0	0	0	0	0	0	0	0	0
0	0.739281953001497	0.275407252063836	0	0	0	0	0	0	0	0	0	0.215301734525717	0	0	0	0	0	0	0	0	0.223778238776083	0	0.468372060659443	0.589493991823504	0	0	0.324051579437869	0.261950397510050	0	0	0	0	0	0	0	0	0	0	0	0	0.599590274985983	0	0	0	0	0	0	0	0	0	0	0	0	0	0	0	0	0	0	0	0	0	0	0	0	0	0.310513251598915	0.369948584961732	0	0.511805145296085	0	0	0.579504746759783	0	0	0	0	0	0	0	0	0	0	0	0	0	0	0	0
0	0.242471689570841	0	0	0	0	0	0	0	0	0	0	0.301002825686394	0	0	0	0	0	0	0	0	0.219707834827485	0	0	0.550423937855835	0	0	0.245565847020537	0.364591199846622	0	0	0	0	0	0	0	0	0	0	0	0.455319056637940	0.477849368936207	0	0	0	0	0	0	0	0	0	0	0	0	0	0	0	0	0	0	0	0	0	0	0	0	0	0.726017786610953	0	0	0.848158562243590	0	0	0.624246313012475	0	0	0	0	0	0	0	0	0	0	0	0	0	0	0	0
0	0.202880459625541	0	0	0	0	0	0	0	0	0	0	0.841736249976816	0	0	0	0	0	0	0	0	0.313118643799494	0	0	0.320094354611116	0	0	0	0.531806766221875	0	0	0	0	0	0	0	0	0	0	0.243567994668779	0.623895571570510	0	0	0	0	0	0	0	0	0	0	0	0	0	0	0	0	0	0	0	0	0	0	0.632405226073274	0	0	0.871616855505906	0	0.686974503586731	0	0	0	0	0.395755331592350	0	0	0.329497254616890	0	0	0	0	0	0	0	0	0	0.201422695975969	0	0	0
0	0	0	0	0	0	0	0	0	0	0	0	0.348855252665204	0	0	0.248295407022597	0	0	0	0	0	0.187401670263199	0	0	0	0	0	0	0.534516188462389	0	0	0.308933703982618	0	0	0	0	0	0	0	0	0.504257729598797	0.209167851924708	0	0	0.399251134744486	0	0	0	0	0	0	0	0	0	0	0	0	0	0	0	0	0	0	0	0	0	0	0.228804314168324	0.318422412259386	0	0	0	0	0.300518153616218	0.211420232005894	0.992726484662705	0.491388552972928	0	0	0	0	0	0	0	0	0	0	0	0	0
0	0	0	0	0	0	0	0	0	0	0	0	0	0	0	0.809204113938310	0	0	0	0	0	0	0	0	0	0	0	0	0.330092995273500	0	0	0.421342257770820	0	0	0	0	0	0	0	0.539834489360308	0	0	0	0	0.374170417130238	0	0	0	0	0	0	0	0	0	0	0	0	0	0	0	0	0	0	0	0	0	0	0.210774812370545	0	0	0	0	0.934515000922656	0	0	0	0	0	0	0	0	0	0	0	0	0	0.237299550669466	0	0	0
0	0	0	0	0	0	0	0	0	0	0	0	0	0.208856583693945	0.357580635524532	0.471327460203611	0	0	0	0	0	0	0	0	0	0	0	0	0.204975976424010	0	0	0.508747500502228	0	0	0	0	0	0	0	0.200080352593271	0	0	0	0	0.682731943611784	0	0	0	0	0	0	0	0	0	0	0	0	0	0	0	0	0	0	0	0	0	0	0	0	0	0	0	0.333184426930087	0	0	0	0	0	0	0	0.996866388761060	0	0	0	0	0	0.368125806880831	0	0	0
0	0	0	0	0	0	0	0	0	0	0	0	0	0.669180955205876	0.656317052203122	0	0	0	0	0	0	0	0	0	0	0	0	0	0	0	0	0.602295214143830	0	0	0	0	0	0	0	0.467404825889274	0	0	0	0	0.381993300059207	0	0	0	0	0	0	0	0	0	0	0	0	0	0	0	0	0	0	0	0	0	0	0	0	0	0	0	0	0	0	0	0	0	0.996150729310021	0	0	0	0	0	0	0	0.332821863095786	0	0	0
0	0	0	0	0	0	0	0	0	0	0.208136367722348	0	0	0.641417326606223	0	0	0	0	0.182727733055298	0	0	0	0	0	0	0	0	0	0	0.336498534344373	0	0.291090734289900	0	0	0	0	0	0.259144205583281	0	0.530364655868055	0	0	0	0	0	0	0	0	0	0	0	0	0	0	0	0	0	0	0	0	0	0	0	0	0	0	0	0	0	0	0	0	0	0	0.339485195248827	0	0	0	0	0.531068284023550	0	0.505829907949077	0	0	0	0	0	0	0	0
0	0	0	0	0	0	0	0	0	0	0.618099945295430	0	0	0.289794326567138	0	0	0	0	0.190435367744386	0	0	0	0	0	0	0	0	0	0	0.446703052465665	0	0	0	0	0	0	0	0.440468359281033	0	0	0	0	0	0	0	0	0	0	0	0	0	0	0	0	0	0	0	0	0	0	0	0	0	0	0	0	0	0	0	0	0	0	0	0	0	0	0	0	0	0.838263484380555	0	0.842265262697721	0	0.348951150741661	0	0	0	0	0	0
0	0	0	0	0	0	0	0	0	0	0.713543974254838	0	0	0	0	0	0	0.210402709555194	0.221708985438991	0	0	0	0	0	0	0	0	0	0	0.630330651730281	0	0	0	0	0	0	0	0.616581151062372	0	0.211482003321127	0	0	0	0	0	0	0	0	0	0	0	0	0	0	0	0	0	0	0	0	0	0	0	0	0	0	0	0	0	0	0	0	0	0	0	0	0	1	0	0	0	0	0.990665498633781	0	0	0	0.299931596017759	0.239158520380349	0	0
0	0	0	0	0	0	0	0	0	0	0.219504275225713	0	0	0	0.338937665201185	0	0	0.489905959766828	0.237999462049559	0	0	0	0	0	0	0	0	0	0	0.373063447729445	0	0	0	0	0	0.376238287821692	0	0.450637526212757	0	0	0	0	0	0	0	0	0	0	0	0.999347958395949	0	0	0	0.998634392626464	0	0	0	0	0	0	0	0	0	0	0	0	0	0	0	0	0	0	0	0	0.310679498764120	0	0	0	0	0	0	0	0	0	0.244088821665743	0	0.281747462522005	0	0	0.507222885703166
0	0	0	0	0	0	0	0	0	0	0	0	0	0	0.478756150323945	0	0	0.793527303122247	0.261583717074768	0	0	0	0	0	0	0	0	0	0	0.210327611339615	0	0	0	0	0	0.581677939550035	0	0.325703445847345	0	0	0	0	0	0.233190903139632	0	0	0	0	0	0	0	0	0	0	0	0	0	0	0	0	0	0	0	0	0	0	0	0	0	0	0	0	0	0	0	0	0.719689596390588	0	0	0	0	0	0	0	0	0.996043255458634	0.245318833295258	0.222357795278125	0	0.199017183647978
0	0	0	0	0	0	0	0	0	0	0	0.377505203658774	0	0	0.191772369558958	0	0	0.248453910594584	0.268345227444008	0	0	0	0	0	0	0	0	0	0	0	0	0	0	0	0	0.551914127111445	0	0	0	0	0	0	0	0.419485597228929	0	0	0	0	0	0	0	0	0	0	0	0	0	0	0	0	0	0	0	0	0	0	0	0	0	0	0	0	0	0	0.241467480301666	0	0	0	0	0	0	0	0	0	0	0	0.524544711757915	0.941438382463813	0	0
0	0	0	0	0	0	0	0	0	0	0	0.826749150145080	0	0	0	0	0	0	0.280777950680081	0	0	0	0	0	0	0	0	0	0	0	0	0	0	0	0.287261078219604	0.340001102830058	0	0	0	0	0	0	0	0.577923091543900	0	0	0	0	0	0	0	0	0	0	0	0	0	0	0	0	0	0	0	0	0	0	0	0	0	0	0	0	0	0	0.304003197133759	0	0	0	0	0	0	0	0	0.929810284059609	0	0	0	0	0	0.717007795697686
0	0	0	0	0	0	0	0	0	0	0	0.293734313712225	0	0	0	0	0.266480568960064	0	0.312732812751424	0	0	0	0	0	0	0	0	0	0	0	0	0	0	0	0.385082472106669	0	0	0	0	0	0	0	0	0.462784400938967	0	0	0	0	0	0	0	0	0	0	0	0	0	0	0	0	0	0	0	0	0	0	0	0	0	0	0	0	0	0	0.290029164162511	0	0	0	0	0	0	0	0	0	0	0	0	0	0.574052888699516	0
0	0	0	0	0	0	0	0	0	0	0	0.197645370668950	0	0	0	0	0.842860614140712	0	0.317802776386169	0	0	0	0	0	0	0	0	0	0	0	0	0	0	0	0.584267509859698	0	0.240862565619595	0	0	0	0	0	0	0.373347445060763	0	0	0	0	0	0	0	0	0	0	0	0.999990400482446	0	0	0	0	0	0	0	0	0	0	0	0	0	0	0	0	0	0	0	0	0.204245382798019	0	0	0	0	0	0	0	0	0	0	0	0.807742123349727	0.312948932932710
0	0	0	0	0	0	0	0	0	0.424695816850308	0	0	0	0	0	0	0.369110785635935	0	0.336538057019342	0	0	0	0	0	0	0	0	0	0	0	0	0	0	0	0.476139253441114	0	0.562969296054155	0	0	0	0	0	0	0.184538535521402	0	0	0	0	0	0	0	0	0	0	0	0	0	0	0	0	0	0	0	0	0	0	0	0	0	0	0	0	0	0	0	0	0	0	0	0	0	0	0	0	0.967853070435660	0	0	0	0	0
0	0	0	0	0	0	0	0	0	0.805380506112743	0	0	0	0	0	0	0.256855956763082	0	0.327871772319426	0	0	0	0	0	0	0	0	0	0	0	0	0	0	0	0.370933577213440	0	0.550114282115095	0	0	0	0	0	0	0	0	0	0	0	0	0	0	0	0	0	0	0	0	0	0	0	0	0	0	0	0	0	0	0	0	0	0	0	0	0	0.242198605353739	0	0	0	0	0	0	0	0	0	0	0	0	0	0	0
0	0	0	0	0	0	0	0	0	0.388425827173038	0	0	0	0	0	0	0	0	0.316874991512237	0	0	0	0	0	0	0	0	0	0	0	0	0	0	0	0.198623625871525	0	0.238192831925537	0	0	0	0	0	0	0	0	0	0	0	0	0	0	0	0	0	0	0	0	0	0	0	0	0	0	0	0	0	0	0	0	0	0	0	0	0	0.180506313108658	0	0	0	0	0	0	0	0	0	0	0	0	0	0	0.258475981975404
0	0	0	0	0	0	0	0	0	0	0	0	0	0	0	0	0	0	0	0	0	0	0	0	0	0	0	0	0	0	0	0	0	0	0	0	0	0	0	0	0	0	0	0	0	0	0	0	0	0	0	0	0	0	0	0	0	0	0	0	0	0	0	0	0	0	0	0	0	0	0	0	0	0	0	0	0	0	0	0	0	0	0	0	0	0	0	0	0	0
0	0	0	0	0	0	0	0	0	0	0	0	0	0	0	0	0	0	0	0	0	0	0	0	0	0	0	0	0	0	0	0	0	0	0	0	0	0	0	0	0	0	0	0	0	0	0	0	0	0	0	0	0	0	0	0	0	0	0	0	0	0	0	0	0	0	0	0	0	0	0	0	0	0	0	0	0	0	0	0	0	0	0	0	0	0	0	0	0	0
